0 1 15
0 4 24
0 6 11
1 0 15
1 2 22
2 1 22
2 3 18
2 4 16
2 8 20
3 2 18
3 5 12
4 0 24
4 2 16
4 6 25
4 7 12
4 8 24
5 3 12
5 8 12
5 11 22
6 0 18
6 4 25
6 7 15
6 9 22
7 4 12
7 6 15
7 8 30
7 10 25
8 2 20
8 4 24
8 5 12
8 7 30
8 10 19
8 11 19
9 6 22
9 10 19
10 7 25
10 8 19
10 9 19
10 11 21
11 5 22
11 8 19
11 10 21 
